,0_Model_ID,0_train,0_train_task,0_ablation,0_exp_dir,0_model,0_seed,0_dataset,1_task,2_val_acc,2_best_epoch,2_used_last_model,3_backbone,3_batch_size,3_lr,3_l0_init,3_l0_stages,2_test_L0,2_test_acc,2_test_loss
0,1.0,1.0,104,,/users/mlepori/scratch/Compositional_Subnetworks/Models/resnet50/Contact_Inside_Experiments/RN50_model2_T104_-0.05_5stage,CNN,1.0,CVRTDataModule,104,0.972000002861023,37.0,1.0,L0resnet50,64.0,0.01,-0.05,"['first', 'stage_1', 'stage_2', 'stage_3', 'stage_4']",,,
1,1.0,0.0,104,zero,/users/mlepori/scratch/Compositional_Subnetworks/Models/resnet50/Contact_Inside_Experiments/RN50_model2_T104_-0.05_5stage,CNN,1.0,CVRTDataModule,103,,,,L0resnet50,64.0,0.01,-0.05,"['first', 'stage_1', 'stage_2', 'stage_3', 'stage_4']",27742866.0,0.28242188692092896,1.957810640335083
2,1.0,0.0,104,zero,/users/mlepori/scratch/Compositional_Subnetworks/Models/resnet50/Contact_Inside_Experiments/RN50_model2_T104_-0.05_5stage,CNN,1.0,CVRTDataModule,104,,,,L0resnet50,64.0,0.01,-0.05,"['first', 'stage_1', 'stage_2', 'stage_3', 'stage_4']",27742866.0,0.2845703065395355,1.957129716873169
3,1.0,0.0,104,zero,/users/mlepori/scratch/Compositional_Subnetworks/Models/resnet50/Contact_Inside_Experiments/RN50_model2_T104_-0.05_5stage,CNN,1.0,CVRTDataModule,105,,,,L0resnet50,64.0,0.01,-0.05,"['first', 'stage_1', 'stage_2', 'stage_3', 'stage_4']",27742866.0,0.2806640565395355,1.977074146270752
4,1.0,0.0,104,zero,/users/mlepori/scratch/Compositional_Subnetworks/Models/resnet50/Contact_Inside_Experiments/RN50_model2_T104_-0.05_5stage,CNN,1.0,CVRTDataModule,106,,,,L0resnet50,64.0,0.01,-0.05,"['first', 'stage_1', 'stage_2', 'stage_3', 'stage_4']",27742866.0,0.27070313692092896,2.007883071899414
5,1.0,0.0,104,zero,/users/mlepori/scratch/Compositional_Subnetworks/Models/resnet50/Contact_Inside_Experiments/RN50_model2_T104_-0.05_5stage,CNN,1.0,CVRTDataModule,107,,,,L0resnet50,64.0,0.01,-0.05,"['first', 'stage_1', 'stage_2', 'stage_3', 'stage_4']",27742866.0,0.2874999940395355,1.9970589876174927
6,1.0,0.0,104,zero,/users/mlepori/scratch/Compositional_Subnetworks/Models/resnet50/Contact_Inside_Experiments/RN50_model2_T104_-0.05_5stage,CNN,1.0,CVRTDataModule,108,,,,L0resnet50,64.0,0.01,-0.05,"['first', 'stage_1', 'stage_2', 'stage_3', 'stage_4']",27742866.0,0.24355468153953552,2.055673599243164
7,1.0,0.0,104,random,/users/mlepori/scratch/Compositional_Subnetworks/Models/resnet50/Contact_Inside_Experiments/RN50_model2_T104_-0.05_5stage,CNN,1.0,CVRTDataModule,103,,,,L0resnet50,64.0,0.01,-0.05,"['first', 'stage_1', 'stage_2', 'stage_3', 'stage_4']",27742866.0,0.2982421815395355,1.9950536489486694
8,1.0,0.0,104,random,/users/mlepori/scratch/Compositional_Subnetworks/Models/resnet50/Contact_Inside_Experiments/RN50_model2_T104_-0.05_5stage,CNN,1.0,CVRTDataModule,104,,,,L0resnet50,64.0,0.01,-0.05,"['first', 'stage_1', 'stage_2', 'stage_3', 'stage_4']",27742866.0,0.3232421875,1.9332504272460938
9,1.0,0.0,104,random,/users/mlepori/scratch/Compositional_Subnetworks/Models/resnet50/Contact_Inside_Experiments/RN50_model2_T104_-0.05_5stage,CNN,1.0,CVRTDataModule,105,,,,L0resnet50,64.0,0.01,-0.05,"['first', 'stage_1', 'stage_2', 'stage_3', 'stage_4']",27742866.0,0.2699218690395355,1.9658805131912231
10,1.0,0.0,104,random,/users/mlepori/scratch/Compositional_Subnetworks/Models/resnet50/Contact_Inside_Experiments/RN50_model2_T104_-0.05_5stage,CNN,1.0,CVRTDataModule,106,,,,L0resnet50,64.0,0.01,-0.05,"['first', 'stage_1', 'stage_2', 'stage_3', 'stage_4']",27742866.0,0.326171875,1.9195277690887451
11,1.0,0.0,104,random,/users/mlepori/scratch/Compositional_Subnetworks/Models/resnet50/Contact_Inside_Experiments/RN50_model2_T104_-0.05_5stage,CNN,1.0,CVRTDataModule,107,,,,L0resnet50,64.0,0.01,-0.05,"['first', 'stage_1', 'stage_2', 'stage_3', 'stage_4']",27742866.0,0.3150390684604645,1.9612154960632324
12,1.0,0.0,104,random,/users/mlepori/scratch/Compositional_Subnetworks/Models/resnet50/Contact_Inside_Experiments/RN50_model2_T104_-0.05_5stage,CNN,1.0,CVRTDataModule,108,,,,L0resnet50,64.0,0.01,-0.05,"['first', 'stage_1', 'stage_2', 'stage_3', 'stage_4']",27742866.0,0.24843749403953552,2.0561904907226562
13,1.0,0.0,104,,/users/mlepori/scratch/Compositional_Subnetworks/Models/resnet50/Contact_Inside_Experiments/RN50_model2_T104_-0.05_5stage,CNN,1.0,CVRTDataModule,103,,,,L0resnet50,64.0,0.01,-0.05,"['first', 'stage_1', 'stage_2', 'stage_3', 'stage_4']",168493.0,0.643750011920929,1.1709505319595337
14,1.0,0.0,104,,/users/mlepori/scratch/Compositional_Subnetworks/Models/resnet50/Contact_Inside_Experiments/RN50_model2_T104_-0.05_5stage,CNN,1.0,CVRTDataModule,104,,,,L0resnet50,64.0,0.01,-0.05,"['first', 'stage_1', 'stage_2', 'stage_3', 'stage_4']",168493.0,0.937304675579071,0.976895809173584
15,1.0,0.0,104,,/users/mlepori/scratch/Compositional_Subnetworks/Models/resnet50/Contact_Inside_Experiments/RN50_model2_T104_-0.05_5stage,CNN,1.0,CVRTDataModule,105,,,,L0resnet50,64.0,0.01,-0.05,"['first', 'stage_1', 'stage_2', 'stage_3', 'stage_4']",168493.0,0.27851563692092896,1.4025346040725708
16,1.0,0.0,104,,/users/mlepori/scratch/Compositional_Subnetworks/Models/resnet50/Contact_Inside_Experiments/RN50_model2_T104_-0.05_5stage,CNN,1.0,CVRTDataModule,106,,,,L0resnet50,64.0,0.01,-0.05,"['first', 'stage_1', 'stage_2', 'stage_3', 'stage_4']",168493.0,0.882617175579071,1.04231595993042
17,1.0,0.0,104,,/users/mlepori/scratch/Compositional_Subnetworks/Models/resnet50/Contact_Inside_Experiments/RN50_model2_T104_-0.05_5stage,CNN,1.0,CVRTDataModule,107,,,,L0resnet50,64.0,0.01,-0.05,"['first', 'stage_1', 'stage_2', 'stage_3', 'stage_4']",168493.0,0.865234375,1.039701223373413
18,1.0,0.0,104,,/users/mlepori/scratch/Compositional_Subnetworks/Models/resnet50/Contact_Inside_Experiments/RN50_model2_T104_-0.05_5stage,CNN,1.0,CVRTDataModule,108,,,,L0resnet50,64.0,0.01,-0.05,"['first', 'stage_1', 'stage_2', 'stage_3', 'stage_4']",168493.0,0.14101561903953552,1.425140142440796
19,2.0,1.0,104,,/users/mlepori/scratch/Compositional_Subnetworks/Models/resnet50/Contact_Inside_Experiments/RN50_model2_T104_-0.05_5stage,CNN,1.0,CVRTDataModule,104,0.23600000143051147,33.0,1.0,L0resnet50,64.0,0.0001,-0.05,"['first', 'stage_1', 'stage_2', 'stage_3', 'stage_4']",,,
20,2.0,0.0,104,zero,/users/mlepori/scratch/Compositional_Subnetworks/Models/resnet50/Contact_Inside_Experiments/RN50_model2_T104_-0.05_5stage,CNN,1.0,CVRTDataModule,103,,,,L0resnet50,64.0,0.0001,-0.05,"['first', 'stage_1', 'stage_2', 'stage_3', 'stage_4']",27513086.0,0.959179699420929,0.3308619260787964
21,2.0,0.0,104,zero,/users/mlepori/scratch/Compositional_Subnetworks/Models/resnet50/Contact_Inside_Experiments/RN50_model2_T104_-0.05_5stage,CNN,1.0,CVRTDataModule,104,,,,L0resnet50,64.0,0.0001,-0.05,"['first', 'stage_1', 'stage_2', 'stage_3', 'stage_4']",27513086.0,0.29296875,1.8463492393493652
22,2.0,0.0,104,zero,/users/mlepori/scratch/Compositional_Subnetworks/Models/resnet50/Contact_Inside_Experiments/RN50_model2_T104_-0.05_5stage,CNN,1.0,CVRTDataModule,105,,,,L0resnet50,64.0,0.0001,-0.05,"['first', 'stage_1', 'stage_2', 'stage_3', 'stage_4']",27513086.0,0.24277344346046448,1.812662124633789
23,2.0,0.0,104,zero,/users/mlepori/scratch/Compositional_Subnetworks/Models/resnet50/Contact_Inside_Experiments/RN50_model2_T104_-0.05_5stage,CNN,1.0,CVRTDataModule,106,,,,L0resnet50,64.0,0.0001,-0.05,"['first', 'stage_1', 'stage_2', 'stage_3', 'stage_4']",27513086.0,0.960742175579071,0.3139283359050751
24,2.0,0.0,104,zero,/users/mlepori/scratch/Compositional_Subnetworks/Models/resnet50/Contact_Inside_Experiments/RN50_model2_T104_-0.05_5stage,CNN,1.0,CVRTDataModule,107,,,,L0resnet50,64.0,0.0001,-0.05,"['first', 'stage_1', 'stage_2', 'stage_3', 'stage_4']",27513086.0,0.9755859375,0.29656124114990234
25,2.0,0.0,104,zero,/users/mlepori/scratch/Compositional_Subnetworks/Models/resnet50/Contact_Inside_Experiments/RN50_model2_T104_-0.05_5stage,CNN,1.0,CVRTDataModule,108,,,,L0resnet50,64.0,0.0001,-0.05,"['first', 'stage_1', 'stage_2', 'stage_3', 'stage_4']",27513086.0,0.956835925579071,0.3364878296852112
26,2.0,0.0,104,random,/users/mlepori/scratch/Compositional_Subnetworks/Models/resnet50/Contact_Inside_Experiments/RN50_model2_T104_-0.05_5stage,CNN,1.0,CVRTDataModule,103,,,,L0resnet50,64.0,0.0001,-0.05,"['first', 'stage_1', 'stage_2', 'stage_3', 'stage_4']",27513086.0,0.960156261920929,0.3195675313472748
27,2.0,0.0,104,random,/users/mlepori/scratch/Compositional_Subnetworks/Models/resnet50/Contact_Inside_Experiments/RN50_model2_T104_-0.05_5stage,CNN,1.0,CVRTDataModule,104,,,,L0resnet50,64.0,0.0001,-0.05,"['first', 'stage_1', 'stage_2', 'stage_3', 'stage_4']",27513086.0,0.3056640625,1.8347150087356567
28,2.0,0.0,104,random,/users/mlepori/scratch/Compositional_Subnetworks/Models/resnet50/Contact_Inside_Experiments/RN50_model2_T104_-0.05_5stage,CNN,1.0,CVRTDataModule,105,,,,L0resnet50,64.0,0.0001,-0.05,"['first', 'stage_1', 'stage_2', 'stage_3', 'stage_4']",27513086.0,0.24570313096046448,1.814509391784668
29,2.0,0.0,104,random,/users/mlepori/scratch/Compositional_Subnetworks/Models/resnet50/Contact_Inside_Experiments/RN50_model2_T104_-0.05_5stage,CNN,1.0,CVRTDataModule,106,,,,L0resnet50,64.0,0.0001,-0.05,"['first', 'stage_1', 'stage_2', 'stage_3', 'stage_4']",27513086.0,0.9642578363418579,0.3001742362976074
30,2.0,0.0,104,random,/users/mlepori/scratch/Compositional_Subnetworks/Models/resnet50/Contact_Inside_Experiments/RN50_model2_T104_-0.05_5stage,CNN,1.0,CVRTDataModule,107,,,,L0resnet50,64.0,0.0001,-0.05,"['first', 'stage_1', 'stage_2', 'stage_3', 'stage_4']",27513086.0,0.9775390625,0.28544875979423523
31,2.0,0.0,104,random,/users/mlepori/scratch/Compositional_Subnetworks/Models/resnet50/Contact_Inside_Experiments/RN50_model2_T104_-0.05_5stage,CNN,1.0,CVRTDataModule,108,,,,L0resnet50,64.0,0.0001,-0.05,"['first', 'stage_1', 'stage_2', 'stage_3', 'stage_4']",27513086.0,0.959765613079071,0.32912248373031616
32,2.0,0.0,104,,/users/mlepori/scratch/Compositional_Subnetworks/Models/resnet50/Contact_Inside_Experiments/RN50_model2_T104_-0.05_5stage,CNN,1.0,CVRTDataModule,103,,,,L0resnet50,64.0,0.0001,-0.05,"['first', 'stage_1', 'stage_2', 'stage_3', 'stage_4']",398275.0,0.24882812798023224,1.3869695663452148
33,2.0,0.0,104,,/users/mlepori/scratch/Compositional_Subnetworks/Models/resnet50/Contact_Inside_Experiments/RN50_model2_T104_-0.05_5stage,CNN,1.0,CVRTDataModule,104,,,,L0resnet50,64.0,0.0001,-0.05,"['first', 'stage_1', 'stage_2', 'stage_3', 'stage_4']",398275.0,0.21621093153953552,1.391611099243164
34,2.0,0.0,104,,/users/mlepori/scratch/Compositional_Subnetworks/Models/resnet50/Contact_Inside_Experiments/RN50_model2_T104_-0.05_5stage,CNN,1.0,CVRTDataModule,105,,,,L0resnet50,64.0,0.0001,-0.05,"['first', 'stage_1', 'stage_2', 'stage_3', 'stage_4']",398275.0,0.2621093690395355,1.3874988555908203
35,2.0,0.0,104,,/users/mlepori/scratch/Compositional_Subnetworks/Models/resnet50/Contact_Inside_Experiments/RN50_model2_T104_-0.05_5stage,CNN,1.0,CVRTDataModule,106,,,,L0resnet50,64.0,0.0001,-0.05,"['first', 'stage_1', 'stage_2', 'stage_3', 'stage_4']",398275.0,0.25312501192092896,1.3878347873687744
36,2.0,0.0,104,,/users/mlepori/scratch/Compositional_Subnetworks/Models/resnet50/Contact_Inside_Experiments/RN50_model2_T104_-0.05_5stage,CNN,1.0,CVRTDataModule,107,,,,L0resnet50,64.0,0.0001,-0.05,"['first', 'stage_1', 'stage_2', 'stage_3', 'stage_4']",398275.0,0.21523436903953552,1.3895716667175293
37,2.0,0.0,104,,/users/mlepori/scratch/Compositional_Subnetworks/Models/resnet50/Contact_Inside_Experiments/RN50_model2_T104_-0.05_5stage,CNN,1.0,CVRTDataModule,108,,,,L0resnet50,64.0,0.0001,-0.05,"['first', 'stage_1', 'stage_2', 'stage_3', 'stage_4']",398275.0,0.26484376192092896,1.3836510181427002
38,3.0,1.0,104,,/users/mlepori/scratch/Compositional_Subnetworks/Models/resnet50/Contact_Inside_Experiments/RN50_model2_T104_-0.05_5stage,CNN,2.0,CVRTDataModule,104,0.9580000042915344,44.0,1.0,L0resnet50,64.0,0.01,-0.05,"['first', 'stage_1', 'stage_2', 'stage_3', 'stage_4']",,,
39,3.0,0.0,104,zero,/users/mlepori/scratch/Compositional_Subnetworks/Models/resnet50/Contact_Inside_Experiments/RN50_model2_T104_-0.05_5stage,CNN,2.0,CVRTDataModule,103,,,,L0resnet50,64.0,0.01,-0.05,"['first', 'stage_1', 'stage_2', 'stage_3', 'stage_4']",27794622.0,0.541796863079071,1.2760193347930908
40,3.0,0.0,104,zero,/users/mlepori/scratch/Compositional_Subnetworks/Models/resnet50/Contact_Inside_Experiments/RN50_model2_T104_-0.05_5stage,CNN,2.0,CVRTDataModule,104,,,,L0resnet50,64.0,0.01,-0.05,"['first', 'stage_1', 'stage_2', 'stage_3', 'stage_4']",27794622.0,0.517382800579071,1.3492356538772583
41,3.0,0.0,104,zero,/users/mlepori/scratch/Compositional_Subnetworks/Models/resnet50/Contact_Inside_Experiments/RN50_model2_T104_-0.05_5stage,CNN,2.0,CVRTDataModule,105,,,,L0resnet50,64.0,0.01,-0.05,"['first', 'stage_1', 'stage_2', 'stage_3', 'stage_4']",27794622.0,0.318359375,1.8565640449523926
42,3.0,0.0,104,zero,/users/mlepori/scratch/Compositional_Subnetworks/Models/resnet50/Contact_Inside_Experiments/RN50_model2_T104_-0.05_5stage,CNN,2.0,CVRTDataModule,106,,,,L0resnet50,64.0,0.01,-0.05,"['first', 'stage_1', 'stage_2', 'stage_3', 'stage_4']",27794622.0,0.69921875,0.8688994646072388
43,3.0,0.0,104,zero,/users/mlepori/scratch/Compositional_Subnetworks/Models/resnet50/Contact_Inside_Experiments/RN50_model2_T104_-0.05_5stage,CNN,2.0,CVRTDataModule,107,,,,L0resnet50,64.0,0.01,-0.05,"['first', 'stage_1', 'stage_2', 'stage_3', 'stage_4']",27794622.0,0.528515636920929,1.2910999059677124
44,3.0,0.0,104,zero,/users/mlepori/scratch/Compositional_Subnetworks/Models/resnet50/Contact_Inside_Experiments/RN50_model2_T104_-0.05_5stage,CNN,2.0,CVRTDataModule,108,,,,L0resnet50,64.0,0.01,-0.05,"['first', 'stage_1', 'stage_2', 'stage_3', 'stage_4']",27794622.0,0.34746092557907104,1.643709659576416
45,3.0,0.0,104,random,/users/mlepori/scratch/Compositional_Subnetworks/Models/resnet50/Contact_Inside_Experiments/RN50_model2_T104_-0.05_5stage,CNN,2.0,CVRTDataModule,103,,,,L0resnet50,64.0,0.01,-0.05,"['first', 'stage_1', 'stage_2', 'stage_3', 'stage_4']",27794622.0,0.5308593511581421,1.320300817489624
46,3.0,0.0,104,random,/users/mlepori/scratch/Compositional_Subnetworks/Models/resnet50/Contact_Inside_Experiments/RN50_model2_T104_-0.05_5stage,CNN,2.0,CVRTDataModule,104,,,,L0resnet50,64.0,0.01,-0.05,"['first', 'stage_1', 'stage_2', 'stage_3', 'stage_4']",27794622.0,0.501171886920929,1.4126198291778564
47,3.0,0.0,104,random,/users/mlepori/scratch/Compositional_Subnetworks/Models/resnet50/Contact_Inside_Experiments/RN50_model2_T104_-0.05_5stage,CNN,2.0,CVRTDataModule,105,,,,L0resnet50,64.0,0.01,-0.05,"['first', 'stage_1', 'stage_2', 'stage_3', 'stage_4']",27794622.0,0.30253905057907104,1.88511061668396
48,3.0,0.0,104,random,/users/mlepori/scratch/Compositional_Subnetworks/Models/resnet50/Contact_Inside_Experiments/RN50_model2_T104_-0.05_5stage,CNN,2.0,CVRTDataModule,106,,,,L0resnet50,64.0,0.01,-0.05,"['first', 'stage_1', 'stage_2', 'stage_3', 'stage_4']",27794622.0,0.6421874761581421,0.9718737602233887
49,3.0,0.0,104,random,/users/mlepori/scratch/Compositional_Subnetworks/Models/resnet50/Contact_Inside_Experiments/RN50_model2_T104_-0.05_5stage,CNN,2.0,CVRTDataModule,107,,,,L0resnet50,64.0,0.01,-0.05,"['first', 'stage_1', 'stage_2', 'stage_3', 'stage_4']",27794622.0,0.51953125,1.3219330310821533
50,3.0,0.0,104,random,/users/mlepori/scratch/Compositional_Subnetworks/Models/resnet50/Contact_Inside_Experiments/RN50_model2_T104_-0.05_5stage,CNN,2.0,CVRTDataModule,108,,,,L0resnet50,64.0,0.01,-0.05,"['first', 'stage_1', 'stage_2', 'stage_3', 'stage_4']",27794622.0,0.32734376192092896,1.7082332372665405
51,3.0,0.0,104,,/users/mlepori/scratch/Compositional_Subnetworks/Models/resnet50/Contact_Inside_Experiments/RN50_model2_T104_-0.05_5stage,CNN,2.0,CVRTDataModule,103,,,,L0resnet50,64.0,0.01,-0.05,"['first', 'stage_1', 'stage_2', 'stage_3', 'stage_4']",116737.0,0.543749988079071,1.0992300510406494
52,3.0,0.0,104,,/users/mlepori/scratch/Compositional_Subnetworks/Models/resnet50/Contact_Inside_Experiments/RN50_model2_T104_-0.05_5stage,CNN,2.0,CVRTDataModule,104,,,,L0resnet50,64.0,0.01,-0.05,"['first', 'stage_1', 'stage_2', 'stage_3', 'stage_4']",116737.0,0.816601574420929,0.6493228673934937
53,3.0,0.0,104,,/users/mlepori/scratch/Compositional_Subnetworks/Models/resnet50/Contact_Inside_Experiments/RN50_model2_T104_-0.05_5stage,CNN,2.0,CVRTDataModule,105,,,,L0resnet50,64.0,0.01,-0.05,"['first', 'stage_1', 'stage_2', 'stage_3', 'stage_4']",116737.0,0.2738281190395355,1.664832353591919
54,3.0,0.0,104,,/users/mlepori/scratch/Compositional_Subnetworks/Models/resnet50/Contact_Inside_Experiments/RN50_model2_T104_-0.05_5stage,CNN,2.0,CVRTDataModule,106,,,,L0resnet50,64.0,0.01,-0.05,"['first', 'stage_1', 'stage_2', 'stage_3', 'stage_4']",116737.0,0.692187488079071,0.8139935731887817
55,3.0,0.0,104,,/users/mlepori/scratch/Compositional_Subnetworks/Models/resnet50/Contact_Inside_Experiments/RN50_model2_T104_-0.05_5stage,CNN,2.0,CVRTDataModule,107,,,,L0resnet50,64.0,0.01,-0.05,"['first', 'stage_1', 'stage_2', 'stage_3', 'stage_4']",116737.0,0.720507800579071,0.7915465831756592
56,3.0,0.0,104,,/users/mlepori/scratch/Compositional_Subnetworks/Models/resnet50/Contact_Inside_Experiments/RN50_model2_T104_-0.05_5stage,CNN,2.0,CVRTDataModule,108,,,,L0resnet50,64.0,0.01,-0.05,"['first', 'stage_1', 'stage_2', 'stage_3', 'stage_4']",116737.0,0.17499999701976776,1.7397147417068481
57,4.0,1.0,104,,/users/mlepori/scratch/Compositional_Subnetworks/Models/resnet50/Contact_Inside_Experiments/RN50_model2_T104_-0.05_5stage,CNN,2.0,CVRTDataModule,104,0.2639999985694885,74.0,1.0,L0resnet50,64.0,0.0001,-0.05,"['first', 'stage_1', 'stage_2', 'stage_3', 'stage_4']",,,
58,4.0,0.0,104,zero,/users/mlepori/scratch/Compositional_Subnetworks/Models/resnet50/Contact_Inside_Experiments/RN50_model2_T104_-0.05_5stage,CNN,2.0,CVRTDataModule,103,,,,L0resnet50,64.0,0.0001,-0.05,"['first', 'stage_1', 'stage_2', 'stage_3', 'stage_4']",27503836.0,0.9507812261581421,0.3389494717121124
59,4.0,0.0,104,zero,/users/mlepori/scratch/Compositional_Subnetworks/Models/resnet50/Contact_Inside_Experiments/RN50_model2_T104_-0.05_5stage,CNN,2.0,CVRTDataModule,104,,,,L0resnet50,64.0,0.0001,-0.05,"['first', 'stage_1', 'stage_2', 'stage_3', 'stage_4']",27503836.0,0.2826171815395355,1.8523064851760864
60,4.0,0.0,104,zero,/users/mlepori/scratch/Compositional_Subnetworks/Models/resnet50/Contact_Inside_Experiments/RN50_model2_T104_-0.05_5stage,CNN,2.0,CVRTDataModule,105,,,,L0resnet50,64.0,0.0001,-0.05,"['first', 'stage_1', 'stage_2', 'stage_3', 'stage_4']",27503836.0,0.244140625,1.803768515586853
61,4.0,0.0,104,zero,/users/mlepori/scratch/Compositional_Subnetworks/Models/resnet50/Contact_Inside_Experiments/RN50_model2_T104_-0.05_5stage,CNN,2.0,CVRTDataModule,106,,,,L0resnet50,64.0,0.0001,-0.05,"['first', 'stage_1', 'stage_2', 'stage_3', 'stage_4']",27503836.0,0.9603515863418579,0.32637640833854675
62,4.0,0.0,104,zero,/users/mlepori/scratch/Compositional_Subnetworks/Models/resnet50/Contact_Inside_Experiments/RN50_model2_T104_-0.05_5stage,CNN,2.0,CVRTDataModule,107,,,,L0resnet50,64.0,0.0001,-0.05,"['first', 'stage_1', 'stage_2', 'stage_3', 'stage_4']",27503836.0,0.9740234613418579,0.3019517660140991
63,4.0,0.0,104,zero,/users/mlepori/scratch/Compositional_Subnetworks/Models/resnet50/Contact_Inside_Experiments/RN50_model2_T104_-0.05_5stage,CNN,2.0,CVRTDataModule,108,,,,L0resnet50,64.0,0.0001,-0.05,"['first', 'stage_1', 'stage_2', 'stage_3', 'stage_4']",27503836.0,0.959765613079071,0.3313746154308319
64,4.0,0.0,104,random,/users/mlepori/scratch/Compositional_Subnetworks/Models/resnet50/Contact_Inside_Experiments/RN50_model2_T104_-0.05_5stage,CNN,2.0,CVRTDataModule,103,,,,L0resnet50,64.0,0.0001,-0.05,"['first', 'stage_1', 'stage_2', 'stage_3', 'stage_4']",27503836.0,0.960742175579071,0.3171042203903198
65,4.0,0.0,104,random,/users/mlepori/scratch/Compositional_Subnetworks/Models/resnet50/Contact_Inside_Experiments/RN50_model2_T104_-0.05_5stage,CNN,2.0,CVRTDataModule,104,,,,L0resnet50,64.0,0.0001,-0.05,"['first', 'stage_1', 'stage_2', 'stage_3', 'stage_4']",27503836.0,0.302734375,1.8378393650054932
66,4.0,0.0,104,random,/users/mlepori/scratch/Compositional_Subnetworks/Models/resnet50/Contact_Inside_Experiments/RN50_model2_T104_-0.05_5stage,CNN,2.0,CVRTDataModule,105,,,,L0resnet50,64.0,0.0001,-0.05,"['first', 'stage_1', 'stage_2', 'stage_3', 'stage_4']",27503836.0,0.24667969346046448,1.812322974205017
67,4.0,0.0,104,random,/users/mlepori/scratch/Compositional_Subnetworks/Models/resnet50/Contact_Inside_Experiments/RN50_model2_T104_-0.05_5stage,CNN,2.0,CVRTDataModule,106,,,,L0resnet50,64.0,0.0001,-0.05,"['first', 'stage_1', 'stage_2', 'stage_3', 'stage_4']",27503836.0,0.9623047113418579,0.2989192605018616
68,4.0,0.0,104,random,/users/mlepori/scratch/Compositional_Subnetworks/Models/resnet50/Contact_Inside_Experiments/RN50_model2_T104_-0.05_5stage,CNN,2.0,CVRTDataModule,107,,,,L0resnet50,64.0,0.0001,-0.05,"['first', 'stage_1', 'stage_2', 'stage_3', 'stage_4']",27503836.0,0.9789062738418579,0.2825000584125519
69,4.0,0.0,104,random,/users/mlepori/scratch/Compositional_Subnetworks/Models/resnet50/Contact_Inside_Experiments/RN50_model2_T104_-0.05_5stage,CNN,2.0,CVRTDataModule,108,,,,L0resnet50,64.0,0.0001,-0.05,"['first', 'stage_1', 'stage_2', 'stage_3', 'stage_4']",27503836.0,0.960742175579071,0.32083696126937866
70,4.0,0.0,104,,/users/mlepori/scratch/Compositional_Subnetworks/Models/resnet50/Contact_Inside_Experiments/RN50_model2_T104_-0.05_5stage,CNN,2.0,CVRTDataModule,103,,,,L0resnet50,64.0,0.0001,-0.05,"['first', 'stage_1', 'stage_2', 'stage_3', 'stage_4']",407522.0,0.27519530057907104,1.3862860202789307
71,4.0,0.0,104,,/users/mlepori/scratch/Compositional_Subnetworks/Models/resnet50/Contact_Inside_Experiments/RN50_model2_T104_-0.05_5stage,CNN,2.0,CVRTDataModule,104,,,,L0resnet50,64.0,0.0001,-0.05,"['first', 'stage_1', 'stage_2', 'stage_3', 'stage_4']",407522.0,0.26152342557907104,1.3862931728363037
72,4.0,0.0,104,,/users/mlepori/scratch/Compositional_Subnetworks/Models/resnet50/Contact_Inside_Experiments/RN50_model2_T104_-0.05_5stage,CNN,2.0,CVRTDataModule,105,,,,L0resnet50,64.0,0.0001,-0.05,"['first', 'stage_1', 'stage_2', 'stage_3', 'stage_4']",407522.0,0.28125,1.386286735534668
73,4.0,0.0,104,,/users/mlepori/scratch/Compositional_Subnetworks/Models/resnet50/Contact_Inside_Experiments/RN50_model2_T104_-0.05_5stage,CNN,2.0,CVRTDataModule,106,,,,L0resnet50,64.0,0.0001,-0.05,"['first', 'stage_1', 'stage_2', 'stage_3', 'stage_4']",407522.0,0.30839842557907104,1.386287808418274
74,4.0,0.0,104,,/users/mlepori/scratch/Compositional_Subnetworks/Models/resnet50/Contact_Inside_Experiments/RN50_model2_T104_-0.05_5stage,CNN,2.0,CVRTDataModule,107,,,,L0resnet50,64.0,0.0001,-0.05,"['first', 'stage_1', 'stage_2', 'stage_3', 'stage_4']",407522.0,0.2724609375,1.386293888092041
75,4.0,0.0,104,,/users/mlepori/scratch/Compositional_Subnetworks/Models/resnet50/Contact_Inside_Experiments/RN50_model2_T104_-0.05_5stage,CNN,2.0,CVRTDataModule,108,,,,L0resnet50,64.0,0.0001,-0.05,"['first', 'stage_1', 'stage_2', 'stage_3', 'stage_4']",407522.0,0.2373046875,1.3862979412078857
76,5.0,1.0,104,,/users/mlepori/scratch/Compositional_Subnetworks/Models/resnet50/Contact_Inside_Experiments/RN50_model2_T104_-0.05_5stage,CNN,3.0,CVRTDataModule,104,0.9959999918937683,51.0,1.0,L0resnet50,64.0,0.01,-0.05,"['first', 'stage_1', 'stage_2', 'stage_3', 'stage_4']",,,
77,5.0,0.0,104,zero,/users/mlepori/scratch/Compositional_Subnetworks/Models/resnet50/Contact_Inside_Experiments/RN50_model2_T104_-0.05_5stage,CNN,3.0,CVRTDataModule,103,,,,L0resnet50,64.0,0.01,-0.05,"['first', 'stage_1', 'stage_2', 'stage_3', 'stage_4']",27795868.0,0.3726562559604645,1.459818720817566
78,5.0,0.0,104,zero,/users/mlepori/scratch/Compositional_Subnetworks/Models/resnet50/Contact_Inside_Experiments/RN50_model2_T104_-0.05_5stage,CNN,3.0,CVRTDataModule,104,,,,L0resnet50,64.0,0.01,-0.05,"['first', 'stage_1', 'stage_2', 'stage_3', 'stage_4']",27795868.0,0.42460936307907104,1.4016602039337158
79,5.0,0.0,104,zero,/users/mlepori/scratch/Compositional_Subnetworks/Models/resnet50/Contact_Inside_Experiments/RN50_model2_T104_-0.05_5stage,CNN,3.0,CVRTDataModule,105,,,,L0resnet50,64.0,0.01,-0.05,"['first', 'stage_1', 'stage_2', 'stage_3', 'stage_4']",27795868.0,0.2542968690395355,1.767395257949829
80,5.0,0.0,104,zero,/users/mlepori/scratch/Compositional_Subnetworks/Models/resnet50/Contact_Inside_Experiments/RN50_model2_T104_-0.05_5stage,CNN,3.0,CVRTDataModule,106,,,,L0resnet50,64.0,0.01,-0.05,"['first', 'stage_1', 'stage_2', 'stage_3', 'stage_4']",27795868.0,0.5142577886581421,1.1444058418273926
81,5.0,0.0,104,zero,/users/mlepori/scratch/Compositional_Subnetworks/Models/resnet50/Contact_Inside_Experiments/RN50_model2_T104_-0.05_5stage,CNN,3.0,CVRTDataModule,107,,,,L0resnet50,64.0,0.01,-0.05,"['first', 'stage_1', 'stage_2', 'stage_3', 'stage_4']",27795868.0,0.36992186307907104,1.5093623399734497
82,5.0,0.0,104,zero,/users/mlepori/scratch/Compositional_Subnetworks/Models/resnet50/Contact_Inside_Experiments/RN50_model2_T104_-0.05_5stage,CNN,3.0,CVRTDataModule,108,,,,L0resnet50,64.0,0.01,-0.05,"['first', 'stage_1', 'stage_2', 'stage_3', 'stage_4']",27795868.0,0.2857421934604645,1.6617188453674316
83,5.0,0.0,104,random,/users/mlepori/scratch/Compositional_Subnetworks/Models/resnet50/Contact_Inside_Experiments/RN50_model2_T104_-0.05_5stage,CNN,3.0,CVRTDataModule,103,,,,L0resnet50,64.0,0.01,-0.05,"['first', 'stage_1', 'stage_2', 'stage_3', 'stage_4']",27795868.0,0.3998046815395355,1.417163372039795
84,5.0,0.0,104,random,/users/mlepori/scratch/Compositional_Subnetworks/Models/resnet50/Contact_Inside_Experiments/RN50_model2_T104_-0.05_5stage,CNN,3.0,CVRTDataModule,104,,,,L0resnet50,64.0,0.01,-0.05,"['first', 'stage_1', 'stage_2', 'stage_3', 'stage_4']",27795868.0,0.4437499940395355,1.377010703086853
85,5.0,0.0,104,random,/users/mlepori/scratch/Compositional_Subnetworks/Models/resnet50/Contact_Inside_Experiments/RN50_model2_T104_-0.05_5stage,CNN,3.0,CVRTDataModule,105,,,,L0resnet50,64.0,0.01,-0.05,"['first', 'stage_1', 'stage_2', 'stage_3', 'stage_4']",27795868.0,0.2933593690395355,1.7256979942321777
86,5.0,0.0,104,random,/users/mlepori/scratch/Compositional_Subnetworks/Models/resnet50/Contact_Inside_Experiments/RN50_model2_T104_-0.05_5stage,CNN,3.0,CVRTDataModule,106,,,,L0resnet50,64.0,0.01,-0.05,"['first', 'stage_1', 'stage_2', 'stage_3', 'stage_4']",27795868.0,0.560351550579071,1.0712718963623047
87,5.0,0.0,104,random,/users/mlepori/scratch/Compositional_Subnetworks/Models/resnet50/Contact_Inside_Experiments/RN50_model2_T104_-0.05_5stage,CNN,3.0,CVRTDataModule,107,,,,L0resnet50,64.0,0.01,-0.05,"['first', 'stage_1', 'stage_2', 'stage_3', 'stage_4']",27795868.0,0.3951171934604645,1.487435221672058
88,5.0,0.0,104,random,/users/mlepori/scratch/Compositional_Subnetworks/Models/resnet50/Contact_Inside_Experiments/RN50_model2_T104_-0.05_5stage,CNN,3.0,CVRTDataModule,108,,,,L0resnet50,64.0,0.01,-0.05,"['first', 'stage_1', 'stage_2', 'stage_3', 'stage_4']",27795868.0,0.27812498807907104,1.6806286573410034
89,5.0,0.0,104,,/users/mlepori/scratch/Compositional_Subnetworks/Models/resnet50/Contact_Inside_Experiments/RN50_model2_T104_-0.05_5stage,CNN,3.0,CVRTDataModule,103,,,,L0resnet50,64.0,0.01,-0.05,"['first', 'stage_1', 'stage_2', 'stage_3', 'stage_4']",115491.0,0.762890636920929,1.1558282375335693
90,5.0,0.0,104,,/users/mlepori/scratch/Compositional_Subnetworks/Models/resnet50/Contact_Inside_Experiments/RN50_model2_T104_-0.05_5stage,CNN,3.0,CVRTDataModule,104,,,,L0resnet50,64.0,0.01,-0.05,"['first', 'stage_1', 'stage_2', 'stage_3', 'stage_4']",115491.0,0.994140625,1.0343940258026123
91,5.0,0.0,104,,/users/mlepori/scratch/Compositional_Subnetworks/Models/resnet50/Contact_Inside_Experiments/RN50_model2_T104_-0.05_5stage,CNN,3.0,CVRTDataModule,105,,,,L0resnet50,64.0,0.01,-0.05,"['first', 'stage_1', 'stage_2', 'stage_3', 'stage_4']",115491.0,0.228515625,1.4099124670028687
92,5.0,0.0,104,,/users/mlepori/scratch/Compositional_Subnetworks/Models/resnet50/Contact_Inside_Experiments/RN50_model2_T104_-0.05_5stage,CNN,3.0,CVRTDataModule,106,,,,L0resnet50,64.0,0.01,-0.05,"['first', 'stage_1', 'stage_2', 'stage_3', 'stage_4']",115491.0,0.990234375,1.064368724822998
93,5.0,0.0,104,,/users/mlepori/scratch/Compositional_Subnetworks/Models/resnet50/Contact_Inside_Experiments/RN50_model2_T104_-0.05_5stage,CNN,3.0,CVRTDataModule,107,,,,L0resnet50,64.0,0.01,-0.05,"['first', 'stage_1', 'stage_2', 'stage_3', 'stage_4']",115491.0,0.98828125,1.0198168754577637
94,5.0,0.0,104,,/users/mlepori/scratch/Compositional_Subnetworks/Models/resnet50/Contact_Inside_Experiments/RN50_model2_T104_-0.05_5stage,CNN,3.0,CVRTDataModule,108,,,,L0resnet50,64.0,0.01,-0.05,"['first', 'stage_1', 'stage_2', 'stage_3', 'stage_4']",115491.0,0.2744140625,1.3882310390472412
95,6.0,1.0,104,,/users/mlepori/scratch/Compositional_Subnetworks/Models/resnet50/Contact_Inside_Experiments/RN50_model2_T104_-0.05_5stage,CNN,3.0,CVRTDataModule,104,0.2759999930858612,38.0,1.0,L0resnet50,64.0,0.0001,-0.05,"['first', 'stage_1', 'stage_2', 'stage_3', 'stage_4']",,,
96,6.0,0.0,104,zero,/users/mlepori/scratch/Compositional_Subnetworks/Models/resnet50/Contact_Inside_Experiments/RN50_model2_T104_-0.05_5stage,CNN,3.0,CVRTDataModule,103,,,,L0resnet50,64.0,0.0001,-0.05,"['first', 'stage_1', 'stage_2', 'stage_3', 'stage_4']",27516744.0,0.961718738079071,0.31582340598106384
97,6.0,0.0,104,zero,/users/mlepori/scratch/Compositional_Subnetworks/Models/resnet50/Contact_Inside_Experiments/RN50_model2_T104_-0.05_5stage,CNN,3.0,CVRTDataModule,104,,,,L0resnet50,64.0,0.0001,-0.05,"['first', 'stage_1', 'stage_2', 'stage_3', 'stage_4']",27516744.0,0.302734375,1.8429710865020752
98,6.0,0.0,104,zero,/users/mlepori/scratch/Compositional_Subnetworks/Models/resnet50/Contact_Inside_Experiments/RN50_model2_T104_-0.05_5stage,CNN,3.0,CVRTDataModule,105,,,,L0resnet50,64.0,0.0001,-0.05,"['first', 'stage_1', 'stage_2', 'stage_3', 'stage_4']",27516744.0,0.2515625059604645,1.8159666061401367
99,6.0,0.0,104,zero,/users/mlepori/scratch/Compositional_Subnetworks/Models/resnet50/Contact_Inside_Experiments/RN50_model2_T104_-0.05_5stage,CNN,3.0,CVRTDataModule,106,,,,L0resnet50,64.0,0.0001,-0.05,"['first', 'stage_1', 'stage_2', 'stage_3', 'stage_4']",27516744.0,0.9623047113418579,0.29880291223526
100,6.0,0.0,104,zero,/users/mlepori/scratch/Compositional_Subnetworks/Models/resnet50/Contact_Inside_Experiments/RN50_model2_T104_-0.05_5stage,CNN,3.0,CVRTDataModule,107,,,,L0resnet50,64.0,0.0001,-0.05,"['first', 'stage_1', 'stage_2', 'stage_3', 'stage_4']",27516744.0,0.9775390625,0.2835361361503601
101,6.0,0.0,104,zero,/users/mlepori/scratch/Compositional_Subnetworks/Models/resnet50/Contact_Inside_Experiments/RN50_model2_T104_-0.05_5stage,CNN,3.0,CVRTDataModule,108,,,,L0resnet50,64.0,0.0001,-0.05,"['first', 'stage_1', 'stage_2', 'stage_3', 'stage_4']",27516744.0,0.961718738079071,0.32406359910964966
102,6.0,0.0,104,random,/users/mlepori/scratch/Compositional_Subnetworks/Models/resnet50/Contact_Inside_Experiments/RN50_model2_T104_-0.05_5stage,CNN,3.0,CVRTDataModule,103,,,,L0resnet50,64.0,0.0001,-0.05,"['first', 'stage_1', 'stage_2', 'stage_3', 'stage_4']",27516744.0,0.959179699420929,0.34500348567962646
103,6.0,0.0,104,random,/users/mlepori/scratch/Compositional_Subnetworks/Models/resnet50/Contact_Inside_Experiments/RN50_model2_T104_-0.05_5stage,CNN,3.0,CVRTDataModule,104,,,,L0resnet50,64.0,0.0001,-0.05,"['first', 'stage_1', 'stage_2', 'stage_3', 'stage_4']",27516744.0,0.2818359434604645,1.859767198562622
104,6.0,0.0,104,random,/users/mlepori/scratch/Compositional_Subnetworks/Models/resnet50/Contact_Inside_Experiments/RN50_model2_T104_-0.05_5stage,CNN,3.0,CVRTDataModule,105,,,,L0resnet50,64.0,0.0001,-0.05,"['first', 'stage_1', 'stage_2', 'stage_3', 'stage_4']",27516744.0,0.2431640625,1.8104780912399292
105,6.0,0.0,104,random,/users/mlepori/scratch/Compositional_Subnetworks/Models/resnet50/Contact_Inside_Experiments/RN50_model2_T104_-0.05_5stage,CNN,3.0,CVRTDataModule,106,,,,L0resnet50,64.0,0.0001,-0.05,"['first', 'stage_1', 'stage_2', 'stage_3', 'stage_4']",27516744.0,0.9613281488418579,0.33054858446121216
106,6.0,0.0,104,random,/users/mlepori/scratch/Compositional_Subnetworks/Models/resnet50/Contact_Inside_Experiments/RN50_model2_T104_-0.05_5stage,CNN,3.0,CVRTDataModule,107,,,,L0resnet50,64.0,0.0001,-0.05,"['first', 'stage_1', 'stage_2', 'stage_3', 'stage_4']",27516744.0,0.966601550579071,0.31001710891723633
107,6.0,0.0,104,random,/users/mlepori/scratch/Compositional_Subnetworks/Models/resnet50/Contact_Inside_Experiments/RN50_model2_T104_-0.05_5stage,CNN,3.0,CVRTDataModule,108,,,,L0resnet50,64.0,0.0001,-0.05,"['first', 'stage_1', 'stage_2', 'stage_3', 'stage_4']",27516744.0,0.953906238079071,0.344356894493103
108,6.0,0.0,104,,/users/mlepori/scratch/Compositional_Subnetworks/Models/resnet50/Contact_Inside_Experiments/RN50_model2_T104_-0.05_5stage,CNN,3.0,CVRTDataModule,103,,,,L0resnet50,64.0,0.0001,-0.05,"['first', 'stage_1', 'stage_2', 'stage_3', 'stage_4']",394614.0,0.2509765625,1.385671615600586
109,6.0,0.0,104,,/users/mlepori/scratch/Compositional_Subnetworks/Models/resnet50/Contact_Inside_Experiments/RN50_model2_T104_-0.05_5stage,CNN,3.0,CVRTDataModule,104,,,,L0resnet50,64.0,0.0001,-0.05,"['first', 'stage_1', 'stage_2', 'stage_3', 'stage_4']",394614.0,0.265625,1.3862557411193848
110,6.0,0.0,104,,/users/mlepori/scratch/Compositional_Subnetworks/Models/resnet50/Contact_Inside_Experiments/RN50_model2_T104_-0.05_5stage,CNN,3.0,CVRTDataModule,105,,,,L0resnet50,64.0,0.0001,-0.05,"['first', 'stage_1', 'stage_2', 'stage_3', 'stage_4']",394614.0,0.23749999701976776,1.386751413345337
111,6.0,0.0,104,,/users/mlepori/scratch/Compositional_Subnetworks/Models/resnet50/Contact_Inside_Experiments/RN50_model2_T104_-0.05_5stage,CNN,3.0,CVRTDataModule,106,,,,L0resnet50,64.0,0.0001,-0.05,"['first', 'stage_1', 'stage_2', 'stage_3', 'stage_4']",394614.0,0.25761717557907104,1.3859477043151855
112,6.0,0.0,104,,/users/mlepori/scratch/Compositional_Subnetworks/Models/resnet50/Contact_Inside_Experiments/RN50_model2_T104_-0.05_5stage,CNN,3.0,CVRTDataModule,107,,,,L0resnet50,64.0,0.0001,-0.05,"['first', 'stage_1', 'stage_2', 'stage_3', 'stage_4']",394614.0,0.2705078125,1.3864942789077759
113,6.0,0.0,104,,/users/mlepori/scratch/Compositional_Subnetworks/Models/resnet50/Contact_Inside_Experiments/RN50_model2_T104_-0.05_5stage,CNN,3.0,CVRTDataModule,108,,,,L0resnet50,64.0,0.0001,-0.05,"['first', 'stage_1', 'stage_2', 'stage_3', 'stage_4']",394614.0,0.2552734315395355,1.3853527307510376
